  63   8  24
  64  10  18
 100   6   4
 109   4   7
 159   4  19
 167  12   4
 198  10  20
 213   1   2
 221  11  20
 237   7   6
 250  10   8
 334   4  20
 469   6  28
 488   3   4
 519  10   3
 580   3   9
 590   2   8
 596   7  11
 605   9  10
 660   6  27
 687   2   9
 698   4  23
 722   6  16
 728   8  17
 806   2  21
 831   8  22
 839  11  21
 879   4   3
 895   6  24
1034   3  26
1105   8   6
1114   9  18
1200   1   2
1218   8   7
1227  12  11
1242  10  25
1270   9  14
1300   2   6
1318   5  24
1380   3   6
1402   9   2
1453   2   7
1453  10   5
1460  10  26
1572   4   2
1576   4  28
1651   3  17
1653   9  16
1661   9  15
1685   2  25
1689   4  15
1695  10  21
1815   2  23
1820   2  15
1834   9  23
1851  10   7
1880  12  17
1905   2  17
1924   8   2
1948   1  14
1976  11  28
1986   6   6
1995   4  23
1995   6  14
2100   4   9
2105  12   9
2119   7  10
2137   2  28
2160   5  24
2215   8   1
2283   5  19
2301   2   5
2304   8  11
2324   1   8
2400   6  17
2411  12   7
2417   8   1
2493  11  16
2511  12  11
2515   3  17
2559   1   9
2566  12  18
2574   5   7
2597   7  26
2597  11  23
2613   8  20
2681   5  19
2718   6   8
2736   9  14
2741   6   2
2743   3   7
2745  11  12
2747   8  21
2751   8  27
2792   6  13
2833   8  19
2861   5   8
2939  12  21
2990  12  21
2999   3  26
