1501  11   4
1502  11   4
1503  11   4
1504  11   4
1505  11   4
1506  11   4
1507  11   4
1508  11   4
1509  11   4
1510  11   4
1511  11   4
1512  11   4
1513  11   4
1514  11   4
1515  11   4
1516  11   4
1517  11   4
1518  11   4
1519  11   4
1520  11   4
1521  11   4
1522  11   4
1523  11   4
1524  11   4
1525  11   4
1526  11   4
1527  11   4
1528  11   4
1529  11   4
1530  11   4
1531  11   4
1532  11   4
1533  11   4
1534  11   4
1535  11   4
1536  11   4
1537  11   4
1538  11   4
1539  11   4
1540  11   4
1541  11   4
1542  11   4
1543  11   4
1544  11   4
1545  11   4
1546  11   4
1547  11   4
1548  11   4
1549  11   4
1550  11   4
1551  11   4
1552  11   4
1553  11   4
1554  11   4
1555  11   4
1556  11   4
1557  11   4
1558  11   4
1559  11   4
1560  11   4
1561  11   4
1562  11   4
1563  11   4
1564  11   4
1565  11   4
1566  11   4
1567  11   4
1568  11   4
1569  11   4
1570  11   4
1571  11   4
1572  11   4
1573  11   4
1574  11   4
1575  11   4
1576  11   4
1577  11   4
1578  11   4
1579  11   4
1580  11   4
1581  11   4
1582  11   4
1583  11   4
1584  11   4
1585  11   4
1586  11   4
1587  11   4
1588  11   4
1589  11   4
1590  11   4
1591  11   4
1592  11   4
1593  11   4
1594  11   4
1595  11   4
1596  11   4
1597  11   4
1598  11   4
1599  11   4
1600  11   4
