   8  12   8
  12   3  11
  26   2  16
 115   9  26
 138   4   6
 146   7  14
 152   1  28
 155   7  23
 248   4  19
 254   9  14
 289  12  11
 314   7  13
 364   2  24
 431  12  27
 434  10   2
 455  12  19
 485   6  13
 496   6  15
 549   4  21
 555   3   9
 568   8  12
 568  12  25
 650  12  19
 655   3  22
 656   3   1
 661   4  11
 666   8   4
 743   8  19
 761   2  19
 766   3  21
 843   7  15
 864  11  25
 968   2  19
1023   8  13
1040   5  14
1041   4   9
1044  11   5
1190  11  17
1202   1   5
1229   1  19
1250  12  12
1268   4  25
1304   2   6
1309   8  21
1321  12  23
1439   1  15
1506   7   7
1513   9  28
1530  11  24
1557   8  23
1576   1  26
1634   7  15
1649   9  17
1649  11  11
1655   7  18
1673   9   9
1712   4  12
1733   2  28
1756   9  12
1771   1  11
1800  12  13
1854   4  15
1869   7   8
1890   5  25
1950   1  20
1975   9   1
2031   7  20
2042  10  25
2077   3   3
2168  11  15
2170   1  20
2180   4  12
2203   5   2
2209   6  27
2249   5  16
2256   2  11
2296  10   9
2306   5  27
2349   3   1
2386   6  10
2400  10  15
2408   1  19
2413   3  26
2455   8   6
2478   4  18
2502   7  13
2515   2  23
2522   5  20
2548   5  27
2552   9   8
2571   5  17
2599  10  19
2608   7  27
2652   4   1
2772   7  14
2807   8   9
2903  10  24
2919   7   3
2962  11   1
2979   8  15
