1337  11   4
1338  11   4
1339  11   4
1340  11   4
1341  11   4
1342  11   4
1343  11   4
1344  11   4
1345  11   4
1346  11   4
1347  11   4
1348  11   4
1349  11   4
1350  11   4
1351  11   4
1352  11   4
1353  11   4
1354  11   4
1355  11   4
1356  11   4
1357  11   4
1358  11   4
1359  11   4
1360  11   4
1361  11   4
1362  11   4
1363  11   4
1364  11   4
1365  11   4
1366  11   4
1367  11   4
1368  11   4
1369  11   4
1370  11   4
1371  11   4
1372  11   4
1373  11   4
1374  11   4
1375  11   4
1376  11   4
1377  11   4
1378  11   4
1379  11   4
1380  11   4
1381  11   4
1382  11   4
1383  11   4
1384  11   4
1385  11   4
1386  11   4
1387  11   4
1388  11   4
1389  11   4
1390  11   4
1391  11   4
1392  11   4
1393  11   4
1394  11   4
1395  11   4
1396  11   4
1397  11   4
1398  11   4
1399  11   4
1400  11   4
1401  11   4
1402  11   4
1403  11   4
1404  11   4
1405  11   4
1406  11   4
1407  11   4
1408  11   4
1409  11   4
1410  11   4
1411  11   4
1412  11   4
1413  11   4
1414  11   4
1415  11   4
1416  11   4
1417  11   4
1418  11   4
1419  11   4
1420  11   4
1421  11   4
1422  11   4
1423  11   4
1424  11   4
1425  11   4
1426  11   4
1427  11   4
1428  11   4
1429  11   4
1430  11   4
1431  11   4
1432  11   4
1433  11   4
1434  11   4
1435  11   4
1436  11   4
