1501  11   4
1502  11   4
1503  11   4
1504  11   4
1505  11   4
1506  11   4
1507  11   4
1508  11   4
1509  11   4
1510  11   4
1511  11   4
1512  11   4
1513  11   4
1514  11   4
1515  11   4
1516  11   4
1517  11   4
1518  11   4
1519  11   4
1520  11   4
1521  11   4
1522  11   4
1523  11   4
1524  11   4
1525  11   4
1526  11   4
1527  11   4
1528  11   4
1529  11   4
1530  11   4
1531  11   4
1532  11   4
1533  11   4
1534  11   4
1535  11   4
1536  11   4
1537  11   4
1538  11   4
1539  11   4
1540  11   4
1541  11   4
1542  11   4
1543  11   4
1544  11   4
1545  11   4
1546  11   4
1547  11   4
1548  11   4
1549  11   4
1550  11   4
1551  11   4
1552  11   4
1553  11   4
1554  11   4
1555  11   4
1556  11   4
1557  11   4
1558  11   4
1559  11   4
1560  11   4
1561  11   4
1562  11   4
1563  11   4
1564  11   4
1565  11   4
1566  11   4
1567  11   4
1568  11   4
1569  11   4
1570  11   4
1571  11   4
1572  11   4
1573  11   4
1574  11   4
1575  11   4
1576  11   4
1577  11   4
1578  11   4
1579  11   4
1580  11   4
1581  11   4
1582  11   4
1583  11   4
1584  11   4
1585  11   4
1586  11   4
1587  11   4
1588  11   4
1589  11   4
1590  11   4
1591  11   4
1592  11   4
1593  11   4
1594  11   4
1595  11   4
1596  11   4
1597  11   4
1598  11   4
1599  11   4
1600  11   4
1601  11   4
1602  11   4
1603  11   4
1604  11   4
1605  11   4
1606  11   4
1607  11   4
1608  11   4
1609  11   4
1610  11   4
1611  11   4
1612  11   4
1613  11   4
1614  11   4
1615  11   4
1616  11   4
1617  11   4
1618  11   4
1619  11   4
1620  11   4
1621  11   4
1622  11   4
1623  11   4
1624  11   4
1625  11   4
1626  11   4
1627  11   4
1628  11   4
1629  11   4
1630  11   4
1631  11   4
1632  11   4
1633  11   4
1634  11   4
1635  11   4
1636  11   4
1637  11   4
1638  11   4
1639  11   4
1640  11   4
1641  11   4
1642  11   4
1643  11   4
1644  11   4
1645  11   4
1646  11   4
1647  11   4
1648  11   4
1649  11   4
1650  11   4
1651  11   4
1652  11   4
1653  11   4
1654  11   4
1655  11   4
1656  11   4
1657  11   4
1658  11   4
1659  11   4
1660  11   4
1661  11   4
1662  11   4
1663  11   4
1664  11   4
1665  11   4
1666  11   4
1667  11   4
1668  11   4
1669  11   4
1670  11   4
1671  11   4
1672  11   4
1673  11   4
1674  11   4
1675  11   4
1676  11   4
1677  11   4
1678  11   4
1679  11   4
1680  11   4
1681  11   4
1682  11   4
1683  11   4
1684  11   4
1685  11   4
1686  11   4
1687  11   4
1688  11   4
1689  11   4
1690  11   4
1691  11   4
1692  11   4
1693  11   4
1694  11   4
1695  11   4
1696  11   4
1697  11   4
1698  11   4
1699  11   4
1700  11   4
1701  11   4
1702  11   4
1703  11   4
1704  11   4
1705  11   4
1706  11   4
1707  11   4
1708  11   4
1709  11   4
1710  11   4
1711  11   4
1712  11   4
1713  11   4
1714  11   4
1715  11   4
1716  11   4
1717  11   4
1718  11   4
1719  11   4
1720  11   4
1721  11   4
1722  11   4
1723  11   4
1724  11   4
1725  11   4
1726  11   4
1727  11   4
1728  11   4
1729  11   4
1730  11   4
1731  11   4
1732  11   4
1733  11   4
1734  11   4
1735  11   4
1736  11   4
1737  11   4
1738  11   4
1739  11   4
1740  11   4
1741  11   4
1742  11   4
1743  11   4
1744  11   4
1745  11   4
1746  11   4
1747  11   4
1748  11   4
1749  11   4
1750  11   4
1751  11   4
1752  11   4
1753  11   4
1754  11   4
1755  11   4
1756  11   4
1757  11   4
1758  11   4
1759  11   4
1760  11   4
1761  11   4
1762  11   4
1763  11   4
1764  11   4
1765  11   4
1766  11   4
1767  11   4
1768  11   4
1769  11   4
1770  11   4
1771  11   4
1772  11   4
1773  11   4
1774  11   4
1775  11   4
1776  11   4
1777  11   4
1778  11   4
1779  11   4
1780  11   4
1781  11   4
1782  11   4
1783  11   4
1784  11   4
1785  11   4
1786  11   4
1787  11   4
1788  11   4
1789  11   4
1790  11   4
1791  11   4
1792  11   4
1793  11   4
1794  11   4
1795  11   4
1796  11   4
1797  11   4
1798  11   4
1799  11   4
1800  11   4
1801  11   4
1802  11   4
1803  11   4
1804  11   4
1805  11   4
1806  11   4
1807  11   4
1808  11   4
1809  11   4
1810  11   4
1811  11   4
1812  11   4
1813  11   4
1814  11   4
1815  11   4
1816  11   4
1817  11   4
1818  11   4
1819  11   4
1820  11   4
1821  11   4
1822  11   4
1823  11   4
1824  11   4
1825  11   4
1826  11   4
1827  11   4
1828  11   4
1829  11   4
1830  11   4
1831  11   4
1832  11   4
1833  11   4
1834  11   4
1835  11   4
1836  11   4
1837  11   4
1838  11   4
1839  11   4
1840  11   4
1841  11   4
1842  11   4
1843  11   4
1844  11   4
1845  11   4
1846  11   4
1847  11   4
1848  11   4
1849  11   4
1850  11   4
1851  11   4
1852  11   4
1853  11   4
1854  11   4
1855  11   4
1856  11   4
1857  11   4
1858  11   4
1859  11   4
1860  11   4
1861  11   4
1862  11   4
1863  11   4
1864  11   4
1865  11   4
1866  11   4
1867  11   4
1868  11   4
1869  11   4
1870  11   4
1871  11   4
1872  11   4
1873  11   4
1874  11   4
1875  11   4
1876  11   4
1877  11   4
1878  11   4
1879  11   4
1880  11   4
1881  11   4
1882  11   4
1883  11   4
1884  11   4
1885  11   4
1886  11   4
1887  11   4
1888  11   4
1889  11   4
1890  11   4
1891  11   4
1892  11   4
1893  11   4
1894  11   4
1895  11   4
1896  11   4
1897  11   4
1898  11   4
1899  11   4
1900  11   4
1901  11   4
1902  11   4
1903  11   4
1904  11   4
1905  11   4
1906  11   4
1907  11   4
1908  11   4
1909  11   4
1910  11   4
1911  11   4
1912  11   4
1913  11   4
1914  11   4
1915  11   4
1916  11   4
1917  11   4
1918  11   4
1919  11   4
1920  11   4
1921  11   4
1922  11   4
1923  11   4
1924  11   4
1925  11   4
1926  11   4
1927  11   4
1928  11   4
1929  11   4
1930  11   4
1931  11   4
1932  11   4
1933  11   4
1934  11   4
1935  11   4
1936  11   4
1937  11   4
1938  11   4
1939  11   4
1940  11   4
1941  11   4
1942  11   4
1943  11   4
1944  11   4
1945  11   4
1946  11   4
1947  11   4
1948  11   4
1949  11   4
1950  11   4
1951  11   4
1952  11   4
1953  11   4
1954  11   4
1955  11   4
1956  11   4
1957  11   4
1958  11   4
1959  11   4
1960  11   4
1961  11   4
1962  11   4
1963  11   4
1964  11   4
1965  11   4
1966  11   4
1967  11   4
1968  11   4
1969  11   4
1970  11   4
1971  11   4
1972  11   4
1973  11   4
1974  11   4
1975  11   4
1976  11   4
1977  11   4
1978  11   4
1979  11   4
1980  11   4
1981  11   4
1982  11   4
1983  11   4
1984  11   4
1985  11   4
1986  11   4
1987  11   4
1988  11   4
1989  11   4
1990  11   4
1991  11   4
1992  11   4
1993  11   4
1994  11   4
1995  11   4
1996  11   4
1997  11   4
1998  11   4
1999  11   4
2000  11   4
2001  11   4
2002  11   4
2003  11   4
2004  11   4
2005  11   4
2006  11   4
2007  11   4
2008  11   4
2009  11   4
2010  11   4
2011  11   4
2012  11   4
2013  11   4
2014  11   4
2015  11   4
2016  11   4
2017  11   4
2018  11   4
2019  11   4
2020  11   4
2021  11   4
2022  11   4
2023  11   4
2024  11   4
2025  11   4
2026  11   4
2027  11   4
2028  11   4
2029  11   4
2030  11   4
2031  11   4
2032  11   4
2033  11   4
2034  11   4
2035  11   4
2036  11   4
2037  11   4
2038  11   4
2039  11   4
2040  11   4
2041  11   4
2042  11   4
2043  11   4
2044  11   4
2045  11   4
2046  11   4
2047  11   4
2048  11   4
2049  11   4
2050  11   4
2051  11   4
2052  11   4
2053  11   4
2054  11   4
2055  11   4
2056  11   4
2057  11   4
2058  11   4
2059  11   4
2060  11   4
2061  11   4
2062  11   4
2063  11   4
2064  11   4
2065  11   4
2066  11   4
2067  11   4
2068  11   4
2069  11   4
2070  11   4
2071  11   4
2072  11   4
2073  11   4
2074  11   4
2075  11   4
2076  11   4
2077  11   4
2078  11   4
2079  11   4
2080  11   4
2081  11   4
2082  11   4
2083  11   4
2084  11   4
2085  11   4
2086  11   4
2087  11   4
2088  11   4
2089  11   4
2090  11   4
2091  11   4
2092  11   4
2093  11   4
2094  11   4
2095  11   4
2096  11   4
2097  11   4
2098  11   4
2099  11   4
2100  11   4
2101  11   4
2102  11   4
2103  11   4
2104  11   4
2105  11   4
2106  11   4
2107  11   4
2108  11   4
2109  11   4
2110  11   4
2111  11   4
2112  11   4
2113  11   4
2114  11   4
2115  11   4
2116  11   4
2117  11   4
2118  11   4
2119  11   4
2120  11   4
2121  11   4
2122  11   4
2123  11   4
2124  11   4
2125  11   4
2126  11   4
2127  11   4
2128  11   4
2129  11   4
2130  11   4
2131  11   4
2132  11   4
2133  11   4
2134  11   4
2135  11   4
2136  11   4
2137  11   4
2138  11   4
2139  11   4
2140  11   4
2141  11   4
2142  11   4
2143  11   4
2144  11   4
2145  11   4
2146  11   4
2147  11   4
2148  11   4
2149  11   4
2150  11   4
2151  11   4
2152  11   4
2153  11   4
2154  11   4
2155  11   4
2156  11   4
2157  11   4
2158  11   4
2159  11   4
2160  11   4
2161  11   4
2162  11   4
2163  11   4
2164  11   4
2165  11   4
2166  11   4
2167  11   4
2168  11   4
2169  11   4
2170  11   4
2171  11   4
2172  11   4
2173  11   4
2174  11   4
2175  11   4
2176  11   4
2177  11   4
2178  11   4
2179  11   4
2180  11   4
2181  11   4
2182  11   4
2183  11   4
2184  11   4
2185  11   4
2186  11   4
2187  11   4
2188  11   4
2189  11   4
2190  11   4
2191  11   4
2192  11   4
2193  11   4
2194  11   4
2195  11   4
2196  11   4
2197  11   4
2198  11   4
2199  11   4
2200  11   4
2201  11   4
2202  11   4
2203  11   4
2204  11   4
2205  11   4
2206  11   4
2207  11   4
2208  11   4
2209  11   4
2210  11   4
2211  11   4
2212  11   4
2213  11   4
2214  11   4
2215  11   4
2216  11   4
2217  11   4
2218  11   4
2219  11   4
2220  11   4
2221  11   4
2222  11   4
2223  11   4
2224  11   4
2225  11   4
2226  11   4
2227  11   4
2228  11   4
2229  11   4
2230  11   4
2231  11   4
2232  11   4
2233  11   4
2234  11   4
2235  11   4
2236  11   4
2237  11   4
2238  11   4
2239  11   4
2240  11   4
2241  11   4
2242  11   4
2243  11   4
2244  11   4
2245  11   4
2246  11   4
2247  11   4
2248  11   4
2249  11   4
2250  11   4
2251  11   4
2252  11   4
2253  11   4
2254  11   4
2255  11   4
2256  11   4
2257  11   4
2258  11   4
2259  11   4
2260  11   4
2261  11   4
2262  11   4
2263  11   4
2264  11   4
2265  11   4
2266  11   4
2267  11   4
2268  11   4
2269  11   4
2270  11   4
2271  11   4
2272  11   4
2273  11   4
2274  11   4
2275  11   4
2276  11   4
2277  11   4
2278  11   4
2279  11   4
2280  11   4
2281  11   4
2282  11   4
2283  11   4
2284  11   4
2285  11   4
2286  11   4
2287  11   4
2288  11   4
2289  11   4
2290  11   4
2291  11   4
2292  11   4
2293  11   4
2294  11   4
2295  11   4
2296  11   4
2297  11   4
2298  11   4
2299  11   4
2300  11   4
2301  11   4
2302  11   4
2303  11   4
2304  11   4
2305  11   4
2306  11   4
2307  11   4
2308  11   4
2309  11   4
2310  11   4
2311  11   4
2312  11   4
2313  11   4
2314  11   4
2315  11   4
2316  11   4
2317  11   4
2318  11   4
2319  11   4
2320  11   4
2321  11   4
2322  11   4
2323  11   4
2324  11   4
2325  11   4
2326  11   4
2327  11   4
2328  11   4
2329  11   4
2330  11   4
2331  11   4
2332  11   4
2333  11   4
2334  11   4
2335  11   4
2336  11   4
2337  11   4
2338  11   4
2339  11   4
2340  11   4
2341  11   4
2342  11   4
2343  11   4
2344  11   4
2345  11   4
2346  11   4
2347  11   4
2348  11   4
2349  11   4
2350  11   4
2351  11   4
2352  11   4
2353  11   4
2354  11   4
2355  11   4
2356  11   4
2357  11   4
2358  11   4
2359  11   4
2360  11   4
2361  11   4
2362  11   4
2363  11   4
2364  11   4
2365  11   4
2366  11   4
2367  11   4
2368  11   4
2369  11   4
2370  11   4
2371  11   4
2372  11   4
2373  11   4
2374  11   4
2375  11   4
2376  11   4
2377  11   4
2378  11   4
2379  11   4
2380  11   4
2381  11   4
2382  11   4
2383  11   4
2384  11   4
2385  11   4
2386  11   4
2387  11   4
2388  11   4
2389  11   4
2390  11   4
2391  11   4
2392  11   4
2393  11   4
2394  11   4
2395  11   4
2396  11   4
2397  11   4
2398  11   4
2399  11   4
2400  11   4
2401  11   4
2402  11   4
2403  11   4
2404  11   4
2405  11   4
2406  11   4
2407  11   4
2408  11   4
2409  11   4
2410  11   4
2411  11   4
2412  11   4
2413  11   4
2414  11   4
2415  11   4
2416  11   4
2417  11   4
2418  11   4
2419  11   4
2420  11   4
2421  11   4
2422  11   4
2423  11   4
2424  11   4
2425  11   4
2426  11   4
2427  11   4
2428  11   4
2429  11   4
2430  11   4
2431  11   4
2432  11   4
2433  11   4
2434  11   4
2435  11   4
2436  11   4
2437  11   4
2438  11   4
2439  11   4
2440  11   4
2441  11   4
2442  11   4
2443  11   4
2444  11   4
2445  11   4
2446  11   4
2447  11   4
2448  11   4
2449  11   4
2450  11   4
2451  11   4
2452  11   4
2453  11   4
2454  11   4
2455  11   4
2456  11   4
2457  11   4
2458  11   4
2459  11   4
2460  11   4
2461  11   4
2462  11   4
2463  11   4
2464  11   4
2465  11   4
2466  11   4
2467  11   4
2468  11   4
2469  11   4
2470  11   4
2471  11   4
2472  11   4
2473  11   4
2474  11   4
2475  11   4
2476  11   4
2477  11   4
2478  11   4
2479  11   4
2480  11   4
2481  11   4
2482  11   4
2483  11   4
2484  11   4
2485  11   4
2486  11   4
2487  11   4
2488  11   4
2489  11   4
2490  11   4
2491  11   4
2492  11   4
2493  11   4
2494  11   4
2495  11   4
2496  11   4
2497  11   4
2498  11   4
2499  11   4
2500  11   4
