1636  11   4
1638  11   4
1640  11   4
1642  11   4
1644  11   4
1646  11   4
1648  11   4
1650  11   4
1652  11   4
1654  11   4
1656  11   4
1658  11   4
1660  11   4
1662  11   4
1664  11   4
1666  11   4
1668  11   4
1670  11   4
1672  11   4
1674  11   4
1676  11   4
1678  11   4
1680  11   4
1682  11   4
1684  11   4
1686  11   4
1688  11   4
1690  11   4
1692  11   4
1694  11   4
1696  11   4
1698  11   4
1700  11   4
1702  11   4
1704  11   4
1706  11   4
1708  11   4
1710  11   4
1712  11   4
1714  11   4
1716  11   4
1718  11   4
1720  11   4
1722  11   4
1724  11   4
1726  11   4
1728  11   4
1730  11   4
1732  11   4
1734  11   4
2802  11   4
2806  11   4
2810  11   4
2814  11   4
2818  11   4
2822  11   4
2826  11   4
2830  11   4
2834  11   4
2838  11   4
2842  11   4
2846  11   4
2850  11   4
2854  11   4
2858  11   4
2862  11   4
2866  11   4
2870  11   4
2874  11   4
2878  11   4
2882  11   4
2886  11   4
2890  11   4
2894  11   4
2898  11   4
2902  11   4
2906  11   4
2910  11   4
2914  11   4
2918  11   4
2922  11   4
2926  11   4
2930  11   4
2934  11   4
2938  11   4
2942  11   4
2946  11   4
2950  11   4
2954  11   4
2958  11   4
2962  11   4
2966  11   4
2970  11   4
2974  11   4
2978  11   4
2982  11   4
2986  11   4
2990  11   4
2994  11   4
2998  11   4
