1002  11   4
1006  11   4
1010  11   4
1014  11   4
1018  11   4
1022  11   4
1026  11   4
1030  11   4
1034  11   4
1038  11   4
1042  11   4
1046  11   4
1050  11   4
1054  11   4
1058  11   4
1062  11   4
1066  11   4
1070  11   4
1074  11   4
1078  11   4
1082  11   4
1086  11   4
1090  11   4
1094  11   4
1098  11   4
1102  11   4
1106  11   4
1110  11   4
1114  11   4
1118  11   4
1122  11   4
1126  11   4
1130  11   4
1134  11   4
1138  11   4
1142  11   4
1146  11   4
1150  11   4
1154  11   4
1158  11   4
1162  11   4
1166  11   4
1170  11   4
1174  11   4
1178  11   4
1182  11   4
1186  11   4
1190  11   4
1194  11   4
1198  11   4
1202  11   4
1206  11   4
1210  11   4
1214  11   4
1218  11   4
1222  11   4
1226  11   4
1230  11   4
1234  11   4
1238  11   4
1242  11   4
1246  11   4
1250  11   4
1254  11   4
1258  11   4
1262  11   4
1266  11   4
1270  11   4
1274  11   4
1278  11   4
1282  11   4
1286  11   4
1290  11   4
1294  11   4
1298  11   4
1302  11   4
1306  11   4
1310  11   4
1314  11   4
1318  11   4
1322  11   4
1326  11   4
1330  11   4
1334  11   4
1338  11   4
1342  11   4
1346  11   4
1350  11   4
1354  11   4
1358  11   4
1362  11   4
1366  11   4
1370  11   4
1374  11   4
1378  11   4
1382  11   4
1386  11   4
1390  11   4
1394  11   4
1398  11   4
1402  11   4
1406  11   4
1410  11   4
1414  11   4
1418  11   4
1422  11   4
1426  11   4
1430  11   4
1434  11   4
1438  11   4
1442  11   4
1446  11   4
1450  11   4
1454  11   4
1458  11   4
1462  11   4
1466  11   4
1470  11   4
1474  11   4
1478  11   4
1482  11   4
1486  11   4
1490  11   4
1494  11   4
1498  11   4
1502  11   4
1506  11   4
1510  11   4
1514  11   4
1518  11   4
1522  11   4
1526  11   4
1530  11   4
1534  11   4
1538  11   4
1542  11   4
1546  11   4
1550  11   4
1554  11   4
1558  11   4
1562  11   4
1566  11   4
1570  11   4
1574  11   4
1578  11   4
1582  11   4
1586  11   4
1590  11   4
1594  11   4
1598  11   4
1602  11   4
1606  11   4
1610  11   4
1614  11   4
1618  11   4
1622  11   4
1626  11   4
1630  11   4
1634  11   4
1636  11   4
1638  11   4
1638  11   4
1640  11   4
1642  11   4
1642  11   4
1644  11   4
1646  11   4
1646  11   4
1648  11   4
1650  11   4
1650  11   4
1652  11   4
1654  11   4
1654  11   4
1656  11   4
1658  11   4
1658  11   4
1660  11   4
1662  11   4
1662  11   4
1664  11   4
1666  11   4
1666  11   4
1668  11   4
1670  11   4
1670  11   4
1672  11   4
1674  11   4
1674  11   4
1676  11   4
1678  11   4
1678  11   4
1680  11   4
1682  11   4
1682  11   4
1684  11   4
1686  11   4
1686  11   4
1688  11   4
1690  11   4
1690  11   4
1692  11   4
1694  11   4
1694  11   4
1696  11   4
1698  11   4
1698  11   4
1700  11   4
1702  11   4
1702  11   4
1704  11   4
1706  11   4
1706  11   4
1708  11   4
1710  11   4
1710  11   4
1712  11   4
1714  11   4
1714  11   4
1716  11   4
1718  11   4
1718  11   4
1720  11   4
1722  11   4
1722  11   4
1724  11   4
1726  11   4
1726  11   4
1728  11   4
1730  11   4
1730  11   4
1732  11   4
1734  11   4
1734  11   4
1736  11   4
1738  11   4
1738  11   4
1740  11   4
1742  11   4
1742  11   4
1744  11   4
1746  11   4
1746  11   4
1748  11   4
1750  11   4
1750  11   4
1752  11   4
1754  11   4
1754  11   4
1756  11   4
1758  11   4
1758  11   4
1760  11   4
1762  11   4
1762  11   4
1764  11   4
1766  11   4
1766  11   4
1768  11   4
1770  11   4
1770  11   4
1772  11   4
1774  11   4
1774  11   4
1776  11   4
1778  11   4
1778  11   4
1780  11   4
1782  11   4
1782  11   4
1784  11   4
1786  11   4
1786  11   4
1788  11   4
1790  11   4
1790  11   4
1792  11   4
1794  11   4
1794  11   4
1796  11   4
1798  11   4
1798  11   4
1800  11   4
1802  11   4
1802  11   4
1804  11   4
1806  11   4
1806  11   4
1808  11   4
1810  11   4
1810  11   4
1812  11   4
1814  11   4
1814  11   4
1816  11   4
1818  11   4
1818  11   4
1820  11   4
1822  11   4
1822  11   4
1824  11   4
1826  11   4
1826  11   4
1828  11   4
1830  11   4
1830  11   4
1832  11   4
1834  11   4
1834  11   4
1836  11   4
1838  11   4
1838  11   4
1840  11   4
1842  11   4
1842  11   4
1844  11   4
1846  11   4
1846  11   4
1848  11   4
1850  11   4
1850  11   4
1852  11   4
1854  11   4
1854  11   4
1856  11   4
1858  11   4
1858  11   4
1860  11   4
1862  11   4
1862  11   4
1864  11   4
1866  11   4
1866  11   4
1868  11   4
1870  11   4
1870  11   4
1872  11   4
1874  11   4
1874  11   4
1876  11   4
1878  11   4
1878  11   4
1880  11   4
1882  11   4
1882  11   4
1884  11   4
1886  11   4
1886  11   4
1888  11   4
1890  11   4
1890  11   4
1892  11   4
1894  11   4
1894  11   4
1896  11   4
1898  11   4
1898  11   4
1900  11   4
1902  11   4
1902  11   4
1904  11   4
1906  11   4
1906  11   4
1908  11   4
1910  11   4
1910  11   4
1912  11   4
1914  11   4
1914  11   4
1916  11   4
1918  11   4
1918  11   4
1920  11   4
1922  11   4
1922  11   4
1924  11   4
1926  11   4
1926  11   4
1928  11   4
1930  11   4
1930  11   4
1932  11   4
1934  11   4
1934  11   4
1936  11   4
1938  11   4
1938  11   4
1940  11   4
1942  11   4
1942  11   4
1944  11   4
1946  11   4
1946  11   4
1948  11   4
1950  11   4
1950  11   4
1952  11   4
1954  11   4
1954  11   4
1956  11   4
1958  11   4
1958  11   4
1960  11   4
1962  11   4
1962  11   4
1964  11   4
1966  11   4
1966  11   4
1968  11   4
1970  11   4
1970  11   4
1972  11   4
1974  11   4
1974  11   4
1976  11   4
1978  11   4
1978  11   4
1980  11   4
1982  11   4
1982  11   4
1984  11   4
1986  11   4
1986  11   4
1988  11   4
1990  11   4
1990  11   4
1992  11   4
1994  11   4
1994  11   4
1996  11   4
1998  11   4
1998  11   4
2000  11   4
2002  11   4
2002  11   4
2004  11   4
2006  11   4
2006  11   4
2008  11   4
2010  11   4
2010  11   4
2012  11   4
2014  11   4
2014  11   4
2016  11   4
2018  11   4
2018  11   4
2020  11   4
2022  11   4
2022  11   4
2024  11   4
2026  11   4
2026  11   4
2028  11   4
2030  11   4
2030  11   4
2032  11   4
2034  11   4
2034  11   4
2036  11   4
2038  11   4
2038  11   4
2040  11   4
2042  11   4
2042  11   4
2044  11   4
2046  11   4
2046  11   4
2048  11   4
2050  11   4
2050  11   4
2052  11   4
2054  11   4
2054  11   4
2056  11   4
2058  11   4
2058  11   4
2060  11   4
2062  11   4
2062  11   4
2064  11   4
2066  11   4
2066  11   4
2068  11   4
2070  11   4
2070  11   4
2072  11   4
2074  11   4
2074  11   4
2076  11   4
2078  11   4
2078  11   4
2080  11   4
2082  11   4
2082  11   4
2084  11   4
2086  11   4
2086  11   4
2088  11   4
2090  11   4
2090  11   4
2092  11   4
2094  11   4
2094  11   4
2096  11   4
2098  11   4
2098  11   4
2100  11   4
2102  11   4
2102  11   4
2104  11   4
2106  11   4
2106  11   4
2108  11   4
2110  11   4
2110  11   4
2112  11   4
2114  11   4
2114  11   4
2116  11   4
2118  11   4
2118  11   4
2120  11   4
2122  11   4
2122  11   4
2124  11   4
2126  11   4
2126  11   4
2128  11   4
2130  11   4
2130  11   4
2132  11   4
2134  11   4
2134  11   4
2136  11   4
2138  11   4
2138  11   4
2140  11   4
2142  11   4
2142  11   4
2144  11   4
2146  11   4
2146  11   4
2148  11   4
2150  11   4
2150  11   4
2152  11   4
2154  11   4
2154  11   4
2156  11   4
2158  11   4
2158  11   4
2160  11   4
2162  11   4
2162  11   4
2164  11   4
2166  11   4
2166  11   4
2168  11   4
2170  11   4
2170  11   4
2172  11   4
2174  11   4
2174  11   4
2176  11   4
2178  11   4
2178  11   4
2180  11   4
2182  11   4
2182  11   4
2184  11   4
2186  11   4
2186  11   4
2188  11   4
2190  11   4
2190  11   4
2192  11   4
2194  11   4
2194  11   4
2196  11   4
2198  11   4
2198  11   4
2200  11   4
2202  11   4
2202  11   4
2204  11   4
2206  11   4
2206  11   4
2208  11   4
2210  11   4
2210  11   4
2212  11   4
2214  11   4
2214  11   4
2216  11   4
2218  11   4
2218  11   4
2220  11   4
2222  11   4
2222  11   4
2224  11   4
2226  11   4
2226  11   4
2228  11   4
2230  11   4
2230  11   4
2232  11   4
2234  11   4
2234  11   4
2236  11   4
2238  11   4
2238  11   4
2240  11   4
2242  11   4
2242  11   4
2244  11   4
2246  11   4
2246  11   4
2248  11   4
2250  11   4
2250  11   4
2252  11   4
2254  11   4
2254  11   4
2256  11   4
2258  11   4
2258  11   4
2260  11   4
2262  11   4
2262  11   4
2264  11   4
2266  11   4
2266  11   4
2268  11   4
2270  11   4
2270  11   4
2272  11   4
2274  11   4
2274  11   4
2276  11   4
2278  11   4
2278  11   4
2280  11   4
2282  11   4
2282  11   4
2284  11   4
2286  11   4
2286  11   4
2288  11   4
2290  11   4
2290  11   4
2292  11   4
2294  11   4
2294  11   4
2296  11   4
2298  11   4
2298  11   4
2300  11   4
2302  11   4
2302  11   4
2304  11   4
2306  11   4
2306  11   4
2308  11   4
2310  11   4
2310  11   4
2312  11   4
2314  11   4
2314  11   4
2316  11   4
2318  11   4
2318  11   4
2320  11   4
2322  11   4
2322  11   4
2324  11   4
2326  11   4
2326  11   4
2328  11   4
2330  11   4
2330  11   4
2332  11   4
2334  11   4
2334  11   4
2336  11   4
2338  11   4
2338  11   4
2340  11   4
2342  11   4
2342  11   4
2344  11   4
2346  11   4
2346  11   4
2348  11   4
2350  11   4
2350  11   4
2352  11   4
2354  11   4
2354  11   4
2356  11   4
2358  11   4
2358  11   4
2360  11   4
2362  11   4
2362  11   4
2364  11   4
2366  11   4
2366  11   4
2368  11   4
2370  11   4
2370  11   4
2372  11   4
2374  11   4
2374  11   4
2376  11   4
2378  11   4
2378  11   4
2380  11   4
2382  11   4
2382  11   4
2384  11   4
2386  11   4
2386  11   4
2388  11   4
2390  11   4
2390  11   4
2392  11   4
2394  11   4
2394  11   4
2396  11   4
2398  11   4
2398  11   4
2400  11   4
2402  11   4
2402  11   4
2404  11   4
2406  11   4
2406  11   4
2408  11   4
2410  11   4
2410  11   4
2412  11   4
2414  11   4
2414  11   4
2416  11   4
2418  11   4
2418  11   4
2420  11   4
2422  11   4
2422  11   4
2424  11   4
2426  11   4
2426  11   4
2428  11   4
2430  11   4
2430  11   4
2432  11   4
2434  11   4
2434  11   4
2436  11   4
2438  11   4
2438  11   4
2440  11   4
2442  11   4
2442  11   4
2444  11   4
2446  11   4
2446  11   4
2448  11   4
2450  11   4
2450  11   4
2452  11   4
2454  11   4
2454  11   4
2456  11   4
2458  11   4
2458  11   4
2460  11   4
2462  11   4
2462  11   4
2464  11   4
2466  11   4
2466  11   4
2468  11   4
2470  11   4
2470  11   4
2472  11   4
2474  11   4
2474  11   4
2476  11   4
2478  11   4
2478  11   4
2480  11   4
2482  11   4
2482  11   4
2484  11   4
2486  11   4
2486  11   4
2488  11   4
2490  11   4
2490  11   4
2492  11   4
2494  11   4
2494  11   4
2496  11   4
2498  11   4
2498  11   4
2500  11   4
2502  11   4
2502  11   4
2504  11   4
2506  11   4
2506  11   4
2508  11   4
2510  11   4
2510  11   4
2512  11   4
2514  11   4
2514  11   4
2516  11   4
2518  11   4
2518  11   4
2520  11   4
2522  11   4
2522  11   4
2524  11   4
2526  11   4
2526  11   4
2528  11   4
2530  11   4
2530  11   4
2532  11   4
2534  11   4
2534  11   4
2536  11   4
2538  11   4
2538  11   4
2540  11   4
2542  11   4
2542  11   4
2544  11   4
2546  11   4
2546  11   4
2548  11   4
2550  11   4
2550  11   4
2552  11   4
2554  11   4
2554  11   4
2556  11   4
2558  11   4
2558  11   4
2560  11   4
2562  11   4
2562  11   4
2564  11   4
2566  11   4
2566  11   4
2568  11   4
2570  11   4
2570  11   4
2572  11   4
2574  11   4
2574  11   4
2576  11   4
2578  11   4
2578  11   4
2580  11   4
2582  11   4
2582  11   4
2584  11   4
2586  11   4
2586  11   4
2588  11   4
2590  11   4
2590  11   4
2592  11   4
2594  11   4
2594  11   4
2596  11   4
2598  11   4
2598  11   4
2600  11   4
2602  11   4
2602  11   4
2604  11   4
2606  11   4
2606  11   4
2608  11   4
2610  11   4
2610  11   4
2612  11   4
2614  11   4
2614  11   4
2616  11   4
2618  11   4
2618  11   4
2620  11   4
2622  11   4
2622  11   4
2624  11   4
2626  11   4
2626  11   4
2628  11   4
2630  11   4
2630  11   4
2632  11   4
2634  11   4
2634  11   4
2638  11   4
2642  11   4
2646  11   4
2650  11   4
2654  11   4
2658  11   4
2662  11   4
2666  11   4
2670  11   4
2674  11   4
2678  11   4
2682  11   4
2686  11   4
2690  11   4
2694  11   4
2698  11   4
2702  11   4
2706  11   4
2710  11   4
2714  11   4
2718  11   4
2722  11   4
2726  11   4
2730  11   4
2734  11   4
2738  11   4
2742  11   4
2746  11   4
2750  11   4
2754  11   4
2758  11   4
2762  11   4
2766  11   4
2770  11   4
2774  11   4
2778  11   4
2782  11   4
2786  11   4
2790  11   4
2794  11   4
2798  11   4
2802  11   4
2806  11   4
2810  11   4
2814  11   4
2818  11   4
2822  11   4
2826  11   4
2830  11   4
2834  11   4
2838  11   4
2842  11   4
2846  11   4
2850  11   4
2854  11   4
2858  11   4
2862  11   4
2866  11   4
2870  11   4
2874  11   4
2878  11   4
2882  11   4
2886  11   4
2890  11   4
2894  11   4
2898  11   4
2902  11   4
2906  11   4
2910  11   4
2914  11   4
2918  11   4
2922  11   4
2926  11   4
2930  11   4
2934  11   4
2938  11   4
2942  11   4
2946  11   4
2950  11   4
2954  11   4
2958  11   4
2962  11   4
2966  11   4
2970  11   4
2974  11   4
2978  11   4
2982  11   4
2986  11   4
2990  11   4
2994  11   4
2998  11   4
