   2   1   5
   6   8  25
  14   2   9
  14  12  25
  15   4  22
  25  11   6
  27   1  22
  30   7   1
  33  12   8
  34   5  17
  40  10   5
  41   5   9
  50   8  28
  51   5   2
  56   8  16
  58   1  19
  64   4   6
  68   7  26
  70   5  22
  71   1   2
  71  11  10
  72   8  17
  75   2  16
  84   1   1
  92   3  22
  92  12  24
  93   5  28
 100   2  28
 100   3  22
 104   3   1
 105   7  19
 109   6  15
 111   4  26
 112  11   4
 118   1  20
 118   3   7
 118   7   2
 122   3  17
 128   8  21
 142   7   5
 143   8  12
 145   9   3
 145   9  15
 147   6   6
 148  10   1
 149  12  24
 151   8   2
 151  12  25
 155  11  14
 160  11  17
 168  10  15
 172   4  21
 174   8  24
 178   2  27
 179   2  24
 182   5  16
 183   2   8
 184   9   9
 187   5  17
 189   3  15
 195   4   2
 197   8   1
 203   2  16
 203   2  19
 209   8  12
 212  11   5
 217   5  17
 220   9  16
 231  11  15
 237   3   6
 240   2  13
 245   2   3
 247   1  11
 247   4  22
 248   5  25
 249  12   8
 257   6  19
 259   6   1
 259   9  17
 262  10  12
 265   1  22
 269   6   9
 272   9  21
 275   2  16
 276   5  11
 276   8  10
 284  10   5
 290   2   6
 290   7   8
 293   7  11
 298   6  27
 298  12   3
 300   1  12
 300   4   8
 303   3  24
 307   7  27
 316   7  22
 327   8  10
 331   6  11
 332   8   7
 336   6  13
 339   9  17
 342   3  27
 344   4  12
 348   5  21
 348   8  21
 349   5   1
 350   2   9
 354   3  13
 356  12  22
 359   3  18
 361   9  13
 365   9  11
 367  11   5
 370  11   3
 372   8  26
 373   1   8
 374   6   8
 375   7  10
 376   3   7
 384   2  27
 387   9  14
 387  10  20
 388  11   8
 405  12  10
 409   3   7
 409   9  17
 412   2  10
 412   5  18
 413  12   2
 414   1   2
 422   8  24
 423   2  23
 428   5  18
 428  12  25
 434   9  18
 437  12  26
 438   1  23
 438   4  20
 438   5   4
 441  12   2
 443  10  28
 444   3   4
 445  11  12
 451   2  15
 455   4  20
 456   1  19
 457   1  26
 457   2   2
 460  10   6
 470   6  12
 477  10   7
 480   2   6
 484   1   3
 486   3  21
 488   1  17
 489   4   9
 491   7  26
 501   6  19
 502  10  22
 504   6  12
 512   2   8
 516  12  25
 518   4  14
 519  11   7
 526   4   8
 539   1   3
 543  10  16
 545   3  18
 546   4  17
 548   7   5
 549   9  25
 554   2  24
 554   3   2
 561   1   7
 562   5  25
 562  12  13
 563   7  25
 566  12  12
 567   2  12
 571   8  11
 578   6  16
 578  12  17
 600  11  14
 606   2  24
 606   8  12
 607   1  28
 609   7  15
 613   1  12
 614   2  15
 615   3  24
 620   6  13
 623   8   4
 629   1   3
 631   9  22
 631  11  22
 635   6  10
 643  11  12
 645   5  13
 647  11  20
 649   4  20
 649  11  20
 652   9  18
 659   3  14
 659   9  16
 662  11   9
 664   9  13
 666  10  21
 669  11  23
 676   4   5
 680   2   1
 681   9  13
 683   2  19
 688   8   1
 691   9  24
 691  11  10
 696   6   2
 697   2  21
 704   1  16
 711  12   1
 714   3  22
 716   6  27
 722   1  24
 727  11  27
 737   9   3
 737  10  17
 740  11  28
 742   2  28
 742   9  11
 743   2  22
 753   1   5
 754   3  21
 754  11   3
 766   2  11
 771  10   2
 775   3  17
 778   3  22
 783   3   6
 784   8  12
 784   8  27
 790   3   6
 791   6  14
 796   3  25
 798  12   4
 799   3  23
 805   2  16
 812   8   8
 813   9   5
 814   3   7
 816  11  23
 817   5  22
 819  10  13
 824  11  11
 826   2  23
 829   3   8
 830  12   7
 835   3  28
 842   3   3
 842   5   4
 850   3  10
 859  11  13
 861   1  15
 866  10  27
 867   8  26
 868   5   3
 870   8   8
 874   9   4
 878   4   9
 889   2  18
 890  12   3
 891   6   2
 898  12   6
 906   5  19
 906   8  14
 907   3  23
 910   8  20
 911   5  28
 912   8  15
 916   3   6
 916   3  11
 917   4   8
 921   4   5
 923  11  15
 927   7  18
 930   3  15
 940   1  19
 941   5  13
 946  10  12
 948   2  26
 949   5  22
 960   8   3
 961   2   6
 962   7  10
 963  10   2
 963  12   1
 965   2  14
 967   5  22
 973   6  18
 978   9   4
 981   9  13
 984   5  27
 988   5  12
 988  10  28
 989  11  20
 990  11   4
 991   5   5
 994  12   4
 998   7  11
 998   8   9
 999   2  10
1001  11   1
1011  12  28
1014   9  13
1025   5  18
1030  10   5
1031   9  19
1035   1  24
1038   9   7
1042   1  10
1045  10  15
1048  10   3
1050   9   8
1055   7  26
1055  10   8
1057   1  26
1058   8  21
1060   1   2
1061   2  27
1061   9  18
1066   9  12
1071   9  27
1072   4  21
1074  10  28
1080  12   3
1083   5  12
1084   1   4
1099   5  23
1104   1  26
1104  10  23
1106   6  14
1107   1  24
1107   3   1
1110  12  14
1114  11   3
1116   4  15
1117   3  13
1124   4  10
1124   8  16
1131   1   4
1131   1  20
1134   3  25
1144   7   7
1146  10  22
1152   7  19
1152  12   8
1155   9   6
1162   4  23
1163   9  28
1164  12  28
1166   3  15
1166  10  26
1168   1  12
1170   3  22
1172  11  21
1173   1   3
1175   8   7
1175  12  15
1177  10   9
1180   7  17
1182  12   8
1183   3  19
1184  11  15
1186   3  28
1187  12  19
1189   2  25
1190   8  12
1192   8   1
1194   2   9
1200   4   6
1202   9   5
1203   9  13
1207   2  14
1208   5  13
1210   4  16
1210   5  17
1211   4  18
1213   4   1
1220  10  20
1222   6   5
1226   7  10
1228  11  23
1235  12   1
1236   9   2
1238   7  23
1239   9  20
1241   5  25
1247   6   6
1251   7  18
1253   8  24
1259   4  16
1266   2   7
1268  12  28
1270   4  20
1270   6  27
1273   6  20
1274   1  11
1275   9  19
1282   9   3
1283   5  19
1286  10  26
1287   5  20
1290   6   5
1293   8   5
1294   2   1
1299   5   2
1302  11  23
1307   3   6
1313   1  28
1314   1   2
1320   5   8
1320   9   1
1328   8  17
1332  12  27
1333   3  12
1336   7  20
1337   6   2
1340   7  12
1341   2  15
1341  12  21
1342   8   8
1345   1  18
1355   5  23
1355  11  17
1361   1  12
1365   4  19
1365   5   7
1365  11  13
1366  10  23
1371  12  17
1372   5  25
1373  10   3
1376  12  10
1380  10  24
1384  10  16
1388  10  25
1392  12  26
1398   4   9
1398   5   5
1398   6  23
1399   2  20
1399   7  16
1399   8  10
1406  12  21
1409   4  14
1413   7  25
1414   6  20
1423   6   6
1427   8   7
1428  10  22
1432  12  12
1433   1   3
1436   7   6
1438   7  10
1442   5  20
1445   2  18
1456   1   2
1459   8   3
1461   9  20
1461  12  15
1462  10  17
1466   5  20
1476   1   8
1477   1   9
1477  12  14
1479   2   9
1483   3  14
1486   7  12
1486   8  19
1488  11  18
1491   7   4
1494  12  27
1499   1  22
1499  12  25
1500   8   4
1501   3   9
1501   3  13
1503   9  20
1510   2   8
1510  12   5
1512   6   5
1512   8   5
1513   9  24
1515   4  21
1515   5   4
1519   7  15
1520   9  17
1525   6  10
1526   8  16
1526  11  27
1527  10  26
1529  12  16
1530  10  25
1533   7  18
1534   6   4
1544  11  12
1546   8   6
1547   1  18
1548   7  26
1548  10  19
1552   7   1
1555   4  18
1564   4   8
1564  11  26
1570   6   5
1580   7   2
1584   3  22
1585   4   9
1586   5   3
1589   3  22
1595   5  27
1599  10  21
1603   9   4
1604  12  20
1607   5  20
1610   9  21
1617   4  25
1620  12  26
1629   7  26
1630   8  19
1631   4   4
1638   6  27
1638  10  17
1638  10  27
1639   1  15
1639  12  13
1640   2  26
1640   4   2
1646  10   5
1652   8   2
1660   6  15
1660  11  28
1662   7  16
1667   9   3
1674   1   3
1674  10   3
1680   9  28
1682  11  19
1687   1  15
1690  12  12
1695   3   9
1695  10   1
1697  10  16
1699   4   6
1700  10  26
1705   8  23
1708   1  24
1709   5   6
1709   8  13
1713   7  17
1714   1  25
1725  11  20
1726   7   5
1726  10   4
1727   6  19
1727   7  13
1729   3  16
1730   4   2
1731   2  19
1733   5  15
1744  11  23
1760  11  18
1763   3   2
1764   9  12
1764  12  25
1767  11   3
1773   1   4
1774   5  16
1777   3  25
1779  11  22
1782  12  10
1783   2  20
1783   6  14
1790  11   9
1792   9   7
1793  10   5
1797  10   3
1798   9   4
1805   7  23
1806  10  11
1809   6  22
1809   8   3
1813   9  28
1816   8  24
1817   2   5
1822   1  21
1825   5   5
1828   8  25
1837   5  21
1838  10  16
1845  12   2
1848   9   4
1855   5  23
1857  10   9
1858   3  19
1861   1  27
1864   3   2
1866   3  21
1876  12  25
1878   6  28
1878   7  18
1883   3  27
1884  11   7
1885  11   5
1886   5  22
1887   8  16
1888   8   4
1888  12  19
1890   5   2
1892   9  27
1895  12  17
1903  12   2
1913   2  26
1916   9  12
1924   5   5
1925   2   2
1927   5  22
1927   8   8
1927   9  17
1929   4  27
1934  11  26
1938  12  16
1943   4  16
1947   2   7
1950   4   2
1950  11  28
1952  11   8
1955  12  13
1955  12  22
1960   4  12
1960  12   1
1964   7  10
1965   2   3
1968   9  14
1978   1  20
1981   5   8
1981   6   3
1982   6  19
1983  10  25
1994  11  21
1995   4   8
1996  12   7
1997   5  28
2003   9  22
2013   8  28
2016   3  20
2018   2  15
2020   4  12
2021  12   9
2024   3  15
2025   2  17
2025  11   6
2027  11   6
2032   7  28
2034   7   2
2035   2  15
2040   8  20
2041   4  15
2042  12  21
2043   9  22
2045  12  15
2048   7   3
2048   8  12
2051   3  19
2052   3   6
2052  11   5
2054   6  16
2059  11   3
2060   4  13
2061   3   1
2063   8  28
2064   1   2
2066   1   1
2067   1  18
2069   4  16
2072   1  19
2076   6  13
2077   8   4
2078   1  12
2079   3  28
2082   4   6
2085   1  14
2085   3   6
2091  12  12
2094   8  16
2095   6   3
2100   5   4
2101  12   7
2103  11  24
2106  12  11
2113  10   1
2117   4  13
2119   6   9
2123   6   1
2125   7  10
2126   8  18
2126  11  26
2129   1  14
2130  11   6
2131   5   6
2136   6  27
2139   1   8
2139   5  23
2139  10  22
2141   9  11
2142   5  10
2144   5  27
2146  12  11
2147   6  16
2153   9   7
2154   9  23
2159   6  14
2161  10   8
2161  11  27
2162   6   9
2163   1  17
2165   5  20
2165   8  19
2167   4  24
2170   6  16
2172   4   8
2172   8  18
2174  10   8
2176   9   2
2182  11   8
2184  11  18
2187   1  17
2190   9  19
2191   4  28
2194   6   6
2195  12  21
2196   9  27
2198   6   5
2200   8  15
2201   1  14
2220   2  15
2223   8   3
2226   8  14
2230  12  28
2232   8  26
2233   1  16
2240  12  20
2245   6   6
2250  10   6
2253   5   1
2262  12   2
2264   1  20
2266   3  16
2266   6  23
2267   4  15
2273   5  18
2287  10  14
2289   6  15
2295  12  20
2298   6  14
2299   7  23
2311   7   5
2313  10   3
2316   2   8
2316   2  24
2316   4  12
2318   8   9
2319   1  15
2324  10   4
2327   7  21
2327  10  18
2328   9  15
2329   8  16
2333   9   2
2336   9  22
2336  11   5
2339   4  19
2343  11  10
2345  12  20
2348   7  22
2348   8  20
2351  10   2
2352   8  10
2355   3   7
2357  11  25
2360   8  19
2365   4  27
2365   5  16
2377   4  20
2377   6   7
2378  10  10
2380   1  16
2382   4   4
2384   5   9
2388   1   1
2389   2  20
2390   1   2
2391  11  14
2395   5  13
2396   5  14
2401  10  16
2408   7  16
2409   7  27
2410   8  19
2410  10  11
2413  12  24
2419   7  11
2422   1   7
2423   8   5
2425   9   6
2428   3   9
2428   8  24
2432   8  13
2432  11  21
2439   3  14
2440   2  15
2441   5  14
2442   8  15
2443   8  12
2444   8   1
2446   7  26
2447  11  23
2450   1   7
2450   3  12
2451   1   6
2451   9  21
2454   5  20
2455   5  15
2455   6  11
2464   9  27
2465   5  19
2469   7  15
2473  12   8
2478   9   8
2484   9  26
2487   1  15
2489   4  15
2491  11  24
2494   6   5
2494  12  26
2496   3  22
2500   1   6
2500   3  25
2500  12  17
2505   4  17
2508   6  19
2519   7  12
2520   6   8
2523   2  18
2528   8  26
2537   1  10
2537  11  13
2540   4  16
2541   2  10
2541   5   6
2546  11   2
2557   5  15
2559   5   6
2559   9  20
2560   6  18
2560   7  27
2563   9  23
2570  11  12
2572   7  17
2574  12  28
2576   5  13
2581   8  13
2584   4  19
2587   3  23
2591  12   7
2593   4  15
2596   5   5
2598  12  25
2604   4   2
2611   2  27
2612   8  25
2623   1  15
2632   3  26
2633   1   5
2633   9  27
2635   9  11
2635  11  20
2637  11   3
2640  11  20
2646   5   9
2647  10   7
2648  12  21
2651   3  16
2653   1  14
2654   9  18
2655   5  21
2665   5  11
2666   9  23
2667   1  14
2669   9  18
2672   3  21
2676   6  17
2676  12   3
2683  11  28
2691   7  20
2692   1   9
2692   3   2
2695   5   8
2695   7  25
2696   3  20
2697  12  25
2700  10   9
2700  11  21
2703   4   6
2703   8   2
2704   8  26
2716   5  23
2727   9   1
2727  11   7
2728   6  14
2729   1  20
2734   5  14
2734   8  18
2735   2  23
2735   9  10
2739  11  26
2743   3   9
2745   1   4
2750   3  23
2754   3  26
2756   5   4
2758   3  13
2762   3  15
2763   1  14
2767   3  16
2769   7  23
2769  12  13
2777   4  16
2781   7  21
2782   5  19
2783  12  22
2787   1  20
2787  12  18
2798   2  14
2800  10  13
2802   1   4
2803   2  15
2804   7  27
2813   5  23
2827   8  15
2829   3  14
2835   9  27
2852   7  17
2855   5  26
2866  11   9
2867  12   2
2873   3   5
2873   9   8
2873   9  15
2880   9  19
2880  11  22
2882   2  28
2885   5   8
2885   7  27
2885  12  17
2894   4  15
2901   1  16
2903   4   2
2908   9  17
2913   8  21
2918  10   3
2921   9  25
2922   3   3
2925   1  25
2925   4  16
2925   6  25
2927   2  20
2927  12   8
2935   7   5
2937  12  11
2943  12  20
2944   3  24
2945   4   5
2946   4  17
2951  10  20
2956   9   2
2960   4   1
2962   4  24
2966  12  20
2970   8   8
2972   5  21
2975   4  23
2975  12  24
2978   2  23
2981  10  25
2982   8  11
2987   5   1
2989   8   8
2991   1   8
2993   5  15
2997   2  18
