   1   6  24
   6  12  19
   8  10  20
  13   3  24
  16   7   4
  17   6  12
  18   2  11
  21  12  15
  30   1  26
  39   8  10
  42   1  22
  42  10   2
  45  10  15
  53   8  13
  55   6  25
  59   1  20
  61   1  24
  68   3  12
  68   5  11
  68  12  18
  69  10  23
  70   9  12
  73   9   4
  79   6  26
  80   8  22
  82   5  18
  84   3  14
  89   3   8
  91   4   3
  93  11  12
  97   7   8
  99  12   5
 101  10  21
 102   7  27
 103   4  11
 110   7  26
 116  12  21
 121   2  13
 123   1  27
 124   3  25
 124  11   5
 128  11  12
 133   7   8
 138  11  16
 139   5   5
 141   6   2
 144   5  17
 146   7  24
 147  10  18
 148   9  26
 150   7   8
 157   7   8
 166  11  24
 167   5   1
 172   6   1
 178   5   4
 180   9   5
 181   8   6
 184   3   6
 186  10   3
 189   6   5
 192   6   6
 196   2  28
 196   4  17
 201   2   5
 203   3  26
 205   4  18
 210   2  22
 212  10  25
 213   5  14
 213   8   6
 213  10  12
 216   1  19
 216   7   5
 216  11  20
 217   1  15
 219   2   5
 222   2  13
 227  11  20
 228  10  15
 237   5  17
 237   6  22
 240   6   3
 240  12  21
 241   8  22
 245   4   9
 245   4  20
 249   9  28
 250   1  11
 252   4   6
 253  12   3
 256   9  28
 259   7  25
 260   6  14
 260   9  26
 261  10   3
 262   3  11
 262  12   4
 266  12  13
 273   1  25
 274   6  25
 278   6  24
 280   7  14
 282   3  11
 286   4  27
 292   9   7
 298   1  22
 298   3   9
 299  12  22
 301   5   2
 302   9   4
 304  12  22
 306   4  23
 307   5  27
 307   6  15
 310   2   3
 312   7   1
 313   8  21
 320   2  22
 326   4   8
 332   6   2
 333   9  26
 342   9  28
 345   1  15
 351   6  23
 351  10  22
 356   4  21
 356   8   4
 356   9   1
 359   8  27
 363   9  26
 365   1  23
 368   2  22
 369   9  17
 370   3   1
 375   1   6
 378   7  12
 382   9  26
 383   5  14
 391   7   8
 397   5  22
 398  12   4
 408   6  22
 408   7   4
 408   8   1
 409   6  20
 416   7  12
 418   2  20
 418   8   2
 428   6   4
 434  11   1
 435   6  18
 436  12  27
 438  10  20
 440   2   2
 440   7   2
 441   3  20
 445   1  22
 448  12  27
 449  10  17
 451   6  23
 460   1   3
 464   2  10
 467   6   4
 468  11  20
 474   8  10
 480   6   7
 489   6  16
 489  12  27
 495   8  13
 496   1  18
 496   4   9
 499   6  27
 505   6  17
 509   9   9
 518   9  28
 518  10  20
 521  12   9
 532   2  27
 545   4  24
 552   1  21
 553   4  21
 555   6  14
 555   8  21
 558  10  13
 562   9  19
 568   9   6
 569  11  14
 575  12  16
 582   2  21
 583   8  12
 584   6   8
 587   9  25
 589   2  28
 591   4  20
 600  12   4
 602   7   6
 607   3  19
 608   4   5
 617   9  10
 618  11  14
 619   1   1
 619   6  17
 621   2   1
 622  10   2
 622  10  20
 634   4  25
 639   5  13
 644  10  11
 652  10   1
 656  12  18
 667   8  27
 670   8  24
 670  11  23
 671  11  22
 681   3  21
 684   4   8
 693   1  13
 693   4   1
 694   2  24
 698   7  11
 702   8  21
 704   6  14
 711  12  16
 712   2   2
 713  12   1
 715  11   5
 717   5  15
 720  12  24
 726   7   9
 730   9  20
 733  12  23
 735  11  23
 745   1  10
 752   1  19
 752   1  20
 755   8  21
 755  11   5
 762   7   4
 764   9  24
 771   2   1
 773   8  11
 778   8  21
 780   5  13
 785   7   8
 785   8  20
 788   3   8
 790  12  18
 791   4   7
 792  11  20
 795   7  28
 796   1  17
 802   8  17
 808   2  11
 808   6  17
 809   7   4
 811   6  26
 812   8  11
 813   5  27
 814   2   4
 819   5  10
 827   2  11
 828   2  21
 832   6  12
 835   7  26
 835   9   3
 840   5  28
 840   9  23
 850   3  20
 863   9  26
 864   7  15
 865   4  19
 865   5  28
 865  10  12
 866   3  15
 868   5  18
 873   3  28
 874   6   7
 875   3  14
 876   1  14
 876   1  19
 876  10  13
 882   9  24
 887   1  23
 887  10  27
 890   1  25
 890   9  24
 893   9  20
 899   3  28
 900   5  17
 900  12  11
 903   4   8
 909  11  10
 910   8  20
 910  10  18
 911   2   5
 916   2  28
 916   4  25
 917   3   8
 925   6  12
 926   7  21
 928   4   5
 930   2  14
 931   9  15
 931  10   4
 934   4  21
 934   9  14
 941   5  24
 943   1   2
 943   1   4
 945   4   8
 947   9  24
 948   7  27
 954   3  15
 958  11   4
 967   3  26
 968   3  17
 968   6  17
 970   8  21
 975   5  14
 977   4   1
 979   7  20
 979   8  10
 982  12  13
 991   5   8
 993   9  19
 996   3   3
1009   2  21
1016   8  26
1017   1   9
1021  10   5
1024   1   6
1031   4   6
1038   6  16
1039   4   6
1039   5  11
1040   7  12
1043   6  15
1045  11  10
1046   9  13
1051   2  14
1052   3  14
1054   3  23
1056   9   8
1057  12  15
1058   8  26
1061   8  14
1062   8  13
1066   2   3
1066   6   8
1066  11  13
1069  11  20
1071   8  10
1071  11   3
1075   9  27
1077  12  25
1080  10   8
1082   7  27
1086   4  11
1088  12   1
1099   6  20
1106  10   8
1110   7  10
1111   2   7
1116  11   5
1124   5   2
1125   8  16
1126   7  13
1130   2  28
1133   3  10
1134   2  25
1141  12  23
1142  10  12
1149   7  28
1155   7  11
1158   5  19
1174   1  21
1174  10  20
1177   8  11
1179   9  27
1180   3  12
1183  11  23
1183  12   8
1185   2  25
1187  12  23
1193   4  13
1193   8   6
1195  10  17
1198   5   4
1198   6   2
1201   9  18
1201   9  28
1204   3  15
1205  11  17
1209   4   3
1210   9  16
1211   7  18
1214   6  12
1219  12   2
1220   9   1
1222  10   7
1223   7   5
1231   4   6
1237   3   2
1240   5   9
1240  11   3
1241   1  21
1241   7  21
1247   5  27
1251   9  10
1252   6  12
1255   1   4
1262   5  14
1267   2  13
1275   7  12
1276   2   4
1280   7  22
1282   3  16
1283   9  20
1292   6   8
1294   2  28
1306   9  22
1308   5  16
1309   5  17
1310   1  12
1317   2  13
1317   6   8
1317  12  23
1319   1  19
1322   2   8
1323   7   9
1323  10  10
1327   8   3
1331   9  11
1332   7  28
1336   7  10
1341   5  21
1342   9   8
1343  11  19
1343  12  13
1344   7  20
1358   2   8
1361  12   1
1365  10   8
1372   8   9
1373  11  26
1383   3  25
1387   3  13
1388   3   6
1399   3  13
1405   3  23
1413   9  26
1419   8   5
1421   4   1
1423   7  15
1423   9  11
1426   4  11
1429   1  17
1430   2   9
1431  11   6
1432   1  12
1442   4  18
1442  12  10
1450   5   9
1452   1  17
1455   3   2
1458   7   1
1466  10   9
1474   1  26
1474   5   3
1474   5  18
1477   8  19
1480   9   4
1485   1   9
1487   4  22
1490  11  16
1494   3  24
1508   7  15
1509   3  16
1512   9  18
1522   9  23
1525   5  14
1526   7  13
1530  12  27
1532  10  15
1534   3  28
1540   1  17
1540   4   8
1542  10  21
1543   3   9
1543   4   1
1550   3   4
1551  10  23
1553  10  28
1560   5  25
1562   8   5
1572   6  10
1572  10   7
1578   3  20
1578   7   5
1579   3  19
1584   4  20
1584   8  19
1590   6  25
1590  11  12
1597  12  23
1598   1   2
1602   8  16
1609   4  13
1613   8  12
1614   7   2
1616   5  25
1619   8  22
1621   2  16
1621   8  18
1622   8  10
1623   6  15
1623   8  27
1627   4  21
1627   6  21
1630  12  18
1632   4  27
1634   4   6
1636   5  22
1636   9  25
1636  11   8
1638  11  13
1642   4   9
1651   7   8
1656  10   2
1659  12  14
1660   2   2
1661  10  19
1662   4   9
1663   4   8
1669   3  18
1672   6  19
1675   6  26
1677   7  28
1679   2  25
1679   6  22
1682   6  25
1683   5  10
1685   6  26
1686   5  17
1686   6   4
1686   7   5
1688   5   2
1688  10  10
1698   9   7
1701   5  28
1703   1   7
1708   7  27
1711  10  18
1714   7  19
1721   4  24
1721   8  28
1722   3  28
1722  10  20
1726   5   4
1735   5   5
1737   3   4
1739   4  13
1740  12  16
1745  12  13
1747   9  22
1751   3   8
1754  12  20
1755   3   7
1755   9  11
1758   6  21
1767   5  10
1770   3  21
1779   8  17
1780   4  14
1783   5   6
1784   2   4
1787   9  22
1790   2  14
1790   5  16
1794   1   5
1800   8  23
1801  12  25
1803   9  19
1805  12  12
1808  10   7
1809   6  17
1810   1  13
1812   1   7
1816  10  27
1817  10   1
1822  12  21
1825   9   8
1832   2  25
1832   6  24
1836   7  17
1838   1   9
1843   1  23
1843   2  23
1843  10  13
1849   4  23
1851   8  24
1852   4   9
1852   7  26
1856  10   9
1859   1  15
1859   6   4
1860  11  14
1861  11   6
1864   7  24
1865   8   5
1869   6   5
1871   9   7
1872   5  14
1874   2   2
1874   9   2
1875   9  21
1880  10  23
1885   9   4
1887   2   5
1894   1   5
1895   6   4
1898   9  11
1904   4  20
1905   3  11
1905   9  23
1908   7  17
1913   4  17
1915   3  24
1915   5  26
1917   6  26
1922   9  18
1924   8  18
1925   9   7
1927  12  13
1928   2  13
1929  12  19
1931   8   6
1939  12   3
1947   5  20
1947   6  19
1948   2  12
1951  12  17
1958   3   4
1958   7  22
1960   3   9
1978   7   8
1982   4  17
1985   2  14
1989   1  18
1990   2  14
1992   6  17
1999   4  16
1999   5   9
2000   3  21
2000   5  16
2012   4  26
2012   7   1
2012   9  12
2013   8  22
2014   2  26
2018   5   2
2022   5  23
2023   1  22
2023   5  12
2025  11  27
2033   7  27
2050   7   8
2050   7  25
2052   8  11
2053  11  26
2054   9  26
2060   3  23
2060  12   5
2062   7  24
2070   6  11
2072   1  17
2083   9  12
2086   3   1
2086   5  23
2095   2   9
2096   8  28
2104  11   5
2107   5  14
2109  10   7
2123   8  17
2124   8  12
2125  11  12
2128   5  12
2129   2   4
2132  12  21
2135   5  24
2135   7  18
2137   9   6
2139  10  17
2145   8  19
2151  11  28
2153   3   2
2153  12  10
2158   2   7
2162   7  26
2162   7  26
2168   3   5
2168   4  22
2169   1   5
2171   8   9
2177   2  18
2177   4   7
2179   3   8
2179   9   3
2182  10  27
2185   1   3
2186   2  28
2189  11   1
2190   7   2
2192   4  14
2192   6  12
2200   8  28
2201  11   5
2203   6  21
2209   7   6
2209  11  14
2211   3  20
2220   2  16
2221   4   9
2223   8  27
2225   7  20
2225   9  20
2227   3  19
2227   6   7
2229  12  12
2234  12  10
2235   4  17
2239  10  15
2252   8  25
2253   4   3
2255   2  22
2255  12   5
2262   8  26
2265   8   2
2270   9  28
2271   2   6
2274   9   7
2274  10  23
2278  12   3
2284   9  16
2285   4  25
2286   2  19
2287  10   1
2297   5  11
2297   9  23
2298   9   9
2304   2  17
2309   6   9
2318  10   7
2319   8   6
2320   3   2
2320   5   2
2322  12   6
2325   1   6
2325   2  23
2327   9   9
2331   7   6
2332   8  19
2333  10  11
2335  12  14
2337   6   3
2337  10  11
2338   1   9
2339   6   5
2340   4   3
2341   3  26
2341   4  10
2344  11  17
2353   6  24
2358   1  22
2358   8  13
2360   6  17
2372   3   3
2372   6   7
2372  11   6
2373   2  20
2381  10  24
2383   9  18
2387  11   9
2396   8   5
2403   9   3
2403  10  21
2404   5   4
2408   2  28
2410  11   4
2414   7  10
2417   9  20
2420   1  13
2420  12  26
2436   1  13
2439   7   8
2444   4   6
2446   5   5
2453   3  16
2466   1   1
2467   6  12
2475   9  19
2478  12   2
2479   8   9
2480   1   5
2482   3  24
2486   3  21
2487  10  11
2492   3  10
2493   7  25
2494   6  28
2495   2   7
2495   7  27
2496   1  26
2496  10  10
2499   9   2
2500  10   6
2501   8  20
2505  12  21
2510  12   8
2514   2  25
2515   4  24
2516   6  12
2529   6  16
2529   8  21
2530   5  19
2534   1  28
2537  12   6
2538   9   7
2540   9  16
2541   8  12
2544   4  25
2546   9   4
2560   3  18
2561   9  20
2563  12  19
2567   9  17
2577   2  17
2580  11   5
2583   2  13
2583  11   2
2587   3  23
2595  11  14
2606   2  27
2606  12   4
2613   7  10
2614  10  23
2615   1  25
2618   3  24
2619   4  20
2624   1  25
2629   2   1
2629   3  27
2633   9   8
2637   2   4
2640   7  28
2646  12  10
2652   1   3
2652   1  16
2652   4  20
2654  11  24
2655   7  16
2656   1  12
2659   8   6
2660   9   1
2663   1  23
2663   4  16
2665   2  17
2666  12   6
2669   3   8
2671   5   6
2672   7  18
2678   2   2
2684  10  25
2688   9   3
2689   3   2
2689   9  27
2692   4   5
2694  11  16
2699   1   8
2699  10  12
2705   8  28
2724   1   6
2728   5   5
2730   5   8
2730   8  25
2732  10  16
2736   9   6
2743   7   3
2743   7  18
2748   1   6
2750   2   4
2754   2  13
2754  12  14
2754  12  20
2758   6   1
2758   7  14
2758   8  11
2759   5  25
2764   4   4
2764  12   9
2773  11  24
2776   3  20
2780   7   7
2782   2  16
2784   4   2
2786   4  23
2789  12  22
2790   4  24
2794   4  15
2794   6  11
2794   8  23
2795   7  20
2796   3  28
2798  12   2
2799   2  19
2803   3   4
2804   6  24
2804   7  25
2808   1  20
2808   9   3
2819   9  22
2833   4  17
2836   8  25
2837   1  12
2838  10  18
2838  12  24
2840  12  23
2841   8  11
2846   4  11
2846   9   2
2847   4  19
2848   2   2
2852   3   6
2855   6  17
2862  12  14
2865   8  10
2866  12  25
2870  10  28
2873   9  18
2881   6   7
2885   5  17
2890   2  27
2893   6   4
2898   3  19
2899   1  18
2904   4   9
2904   8  24
2906  11  12
2909   8  26
2912   5   8
2913   2  28
2914   3  17
2917   2  16
2918   9   7
2919  11   3
2925   9   3
2925  12  27
2929   9   7
2930   8   5
2930  12  10
2930  12  12
2931  12   4
2936   4  19
2936   6   2
2937  11   3
2941   9  18
2942   2  13
2945  11  18
2947   5  14
2947   8  25
2948   9   7
2949   6  26
2951   5  23
2952  12  25
2953   3   1
2954   9  15
2954  11  19
2955   1  21
2961   3  25
2962   3   5
2963   8  15
2965   8  20
2968   6  14
2970  10   5
2971   4  23
2976  12  28
2977   9  20
2980   9  23
2980  10  13
2988  11   9
2991   3   4
2991   9  22
2996   5   1
2996   9  26
2996  10   3
2999   4   7
2999  12  16
3000   2   5
